image_width: 640
image_height: 480
camera_name: narrow_stereo
camera_matrix:
  rows: 3
  cols: 3
  data: [800.965133, 0, 377.580582, 0, 800.686198, 192.38785, 0, 0, 1]
distortion_model: plumb_bob
distortion_coefficients:
  rows: 1
  cols: 5
  data: [-0.008139, 0.019883, -0.011799, 0.023345, 0]
rectification_matrix:
  rows: 3
  cols: 3
  data: [1, 0, 0, 0, 1, 0, 0, 0, 1]
projection_matrix:
  rows: 3
  cols: 4
  data: [794.083801, 0, 386.659425, 0, 0, 806.697876, 188.658489, 0, 0, 0, 1, 0]